mute_sony
2425,560,675,515,685,510,1225,562,678,515,1225,561,686,510,680,508,1225,565,686,506,679,509,690,505,680,26200,2415,565,685,505,680,510,1230,560,690,505,1220,570,680,510,685,510,1220,565,680,515,685,505,680,510,685,26190,2420,560,675,515,685,511,1226,558,680,515,1225,560,685,510,680,510,1225,565,685,507,678,515,685,505,680,
2465,515,685,505,680,515,1221,569,680,510,1230,560,675,515,680,515,1275,510,680,515,680,510,675,520,680,26195,2470,510,681,515,679,510,1280,510,675,516,1274,515,680,510,680,515,1275,510,685,510,675,515,685,511,686,26183,2420,560,675,520,680,510,1225,566,674,515,1220,570,680,510,690,505,1220,565,685,511,676,513,680,515,685,
2420,560,680,515,680,510,1230,560,675,516,1224,565,685,505,680,515,1221,564,685,510,680,510,685,511,675,26199,2416,569,680,510,675,515,1225,565,685,510,1225,560,681,515,679,510,1230,560,675,516,685,510,674,515,680,26191,2469,510,685,510,676,514,1225,565,685,505,1230,560,680,510,685,510,1220,571,679,510,685,505,680,515,685,
2417,564,685,504,680,515,1225,566,680,509,1220,570,681,510,685,509,1220,565,680,516,681,510,679,514,680,26197,2418,561,680,514,682,510,1228,562,678,510,1225,565,685,510,675,515,1225,567,683,505,680,511,685,509,675,26195,2415,567,683,511,674,515,1221,571,680,509,1229,560,675,515,687,510,1223,560,680,515,680,511,681,513,680,

stereo_yamaha_soundbar
9064,4404,656,481,649,484,659,474,658,1583,653,1589,659,1587,655,1583,657,475,659,1584,651,1591,655,1591,645,485,658,475,660,473,660,474,660,1583,652,481,653,481,652,485,648,484,649,1593,655,479,653,1589,658,474,659,1588,648,1589,657,1586,650,1591,654,480,653,1592,653,477,657,1584,653,39721,9095,2164,650,
9068,4413,650,481,651,483,661,473,659,1583,653,1593,653,1584,652,1589,657,476,664,1581,649,1596,653,1586,657,475,658,476,657,477,657,476,658,1582,659,480,652,481,652,485,648,482,661,1581,654,480,653,1593,654,475,657,1584,653,1588,658,1583,653,1593,654,474,659,1584,651,483,650,1591,655,39719,9097,2165,650,

mute_yamaha_soundbar
9045,4463,607,525,609,528,596,535,599,1643,608,1636,603,1640,600,1647,603,527,598,1644,607,1637,604,1639,601,532,602,535,601,532,603,531,602,1638,601,537,599,530,605,1638,606,1637,599,1643,607,527,607,527,598,1645,606,1641,599,1640,601,533,602,532,603,532,603,1639,601,1646,593,538,598,39803,9033,2212,597,
9030,4459,600,534,604,531,601,534,601,1641,599,1644,606,1637,603,1645,600,531,600,1643,597,1646,604,1640,599,535,604,531,601,533,601,533,602,1639,600,535,601,533,602,1643,598,1643,607,1636,604,533,602,531,604,1637,603,1639,601,1643,597,538,598,536,599,535,600,1641,600,1647,602,530,595,39800,9052,2216,604,

optical_yamaha_soundbar
9000,4449,600,532,603,532,602,533,602,1638,601,1640,600,1643,603,1639,605,528,606,1637,603,1639,600,1642,602,534,597,537,598,535,599,533,603,1639,601,1641,599,535,604,531,600,1641,597,537,598,536,599,1645,595,538,598,534,606,1637,598,1644,605,528,607,1636,602,1643,596,534,602,1639,600,39813,9013,2211,602,
9012,4458,611,521,606,527,598,536,604,1637,613,1629,607,1636,603,1639,601,532,603,1666,584,1633,607,1639,594,534,600,529,607,527,608,526,609,1637,604,1637,603,531,603,531,604,1637,603,532,603,530,609,1634,603,531,604,530,605,1638,602,1640,598,565,572,1641,607,1636,604,528,608,1635,605,39791,9042,2215,607,
9021,4460,603,528,605,528,607,527,608,1634,605,1638,601,1645,596,1642,608,525,609,1633,607,1635,609,1633,601,533,602,532,603,532,602,531,605,1637,602,1644,597,532,602,532,604,1639,600,533,602,531,603,1639,604,531,600,534,601,1640,601,1641,609,524,601,1642,612,1631,606,528,606,1635,605,39784,9043,2217,602,

bluetooth_yamaha_soundbar
9014,4468,595,533,601,533,602,531,603,1638,602,1640,601,1645,595,1645,604,530,605,1635,604,1639,601,1645,595,537,598,536,599,535,600,533,602,1639,601,1645,595,537,599,536,601,1640,598,537,597,1643,608,528,600,534,598,536,599,1643,598,1644,607,528,606,1635,608,527,604,1661,580,1638,600,39791,9043,2214,598,
9023,4459,604,526,608,526,599,535,600,1641,609,1633,606,1640,599,1639,601,533,602,1640,600,1643,608,1637,603,528,607,527,598,536,599,535,600,1641,599,1643,610,523,608,525,602,1640,609,527,598,1642,608,527,607,526,602,531,600,1643,598,1644,607,527,608,1635,605,531,609,1633,602,1639,601,39779,9049,2217,602,

up_volume_yamaha_soundbar
9045,4471,609,530,606,524,610,531,604,1635,605,1640,605,1640,600,1645,605,530,605,1640,601,1639,605,1640,600,535,600,540,595,535,605,535,600,1641,599,540,595,1646,609,1635,605,1640,600,1645,605,530,605,530,610,525,611,1634,605,530,606,530,604,530,610,525,595,1645,612,1633,605,1641,599,39790,9050,2221,604,
9055,4465,600,535,601,536,598,535,600,1645,600,1640,600,1645,606,1639,600,535,605,1640,601,1639,610,1636,604,535,600,535,605,525,610,530,606,1634,605,530,610,1635,606,1639,600,1641,599,1645,605,530,610,525,607,529,609,1635,605,531,604,530,605,530,600,535,600,1647,603,1635,605,1640,606,39789,9045,2231,596,

down_volume_yamaha_soundbar
9055,4464,601,536,598,536,600,534,605,1641,601,1643,606,1640,599,1640,600,536,605,1641,598,1646,604,1635,607,528,605,535,600,536,605,531,603,1636,605,1639,602,1644,599,1641,609,1636,605,1639,602,535,598,535,600,535,606,529,605,527,610,528,606,530,595,540,594,1645,601,1645,605,1639,601,39785,9055,2215,604,
9055,4460,606,534,600,535,606,531,603,1635,605,1640,602,1643,610,1636,604,530,605,1640,600,1647,593,1650,605,531,604,530,605,530,605,530,595,1650,605,1635,605,1640,602,1643,606,1639,605,1640,600,535,600,535,602,533,600,535,600,535,605,530,606,531,603,530,610,1635,605,1640,600,1645,596,39799,9052,2218,606,
